[ 8.181093    0.06643549 -0.2845964   1.3262643  -4.357275   -3.588937
 -1.2676605 ]
[ 0.2556387   7.672813   -0.3526931   0.08332117 -1.3039002  -6.671702
 -0.29809222]
[ 8.760828   -0.6558491   0.08170941  0.5443573  -4.616843   -2.921724
 -1.121911  ]
[-0.23890918  0.19390386  7.9379754  -0.66258013 -5.9340367  -1.4945487
 -0.31628394]
[ 0.76979554 -0.278625   -1.513015    7.6335826  -1.0866405  -1.8446223
 -2.7440658 ]
[-0.7559021  -0.02710569 -1.3840959  -2.271147   -0.89737463 -1.3853302
  6.5342298 ]
[-0.13830604  7.1024466  -0.21814722  0.15860794 -1.5408858  -6.050753
  0.09060571]
[-0.17068417 -0.33673283  7.552218   -0.5809082  -5.669115   -0.9790001
 -0.27627644]
[-1.0274936   0.9095197  -2.3636436  -3.2940824  -0.22180817 -1.8248467
  7.369377  ]
[ 0.83558184  7.1989913   0.13291052 -0.1351075  -2.1846876  -6.3094273
 -0.15346786]
[-0.82623327 -1.0719051  -2.6543024  -2.7364795   0.1783921  -0.97692066
  7.946268  ]
[-3.156352   -5.7802396  -1.6650689   0.66886115  0.9247315   8.372378
  1.7112277 ]
[-3.103118  -5.735287  -1.0197415  0.5104927  0.3492876  8.397623
  1.4879916]
[ 0.06211087  8.285734   -0.49685255 -0.23261784 -1.2441088  -6.7512736
 -0.17058799]
[-3.2324643 -5.7945237 -1.4837072  0.6777077  0.9488967  8.470552
  1.5347726]
[-0.5491308 -0.5770737  7.047277  -1.3578802 -5.5576687 -0.7688938
  1.249407 ]
[-3.2839136  -5.9306054  -1.2097352   0.62122303  0.94626486  8.924484
  1.2198123 ]
[-0.12706639  4.9458976   2.1578526   0.11239445 -2.996179   -4.4283614
 -0.04530649]
[-0.7830914  -0.23082331 -1.5463765  -4.16151    -0.8064752  -0.9336222
  8.111513  ]
[-0.8783229   7.3629236  -0.33050212 -0.39363238 -0.7099694  -6.285772
  0.6697315 ]
[-2.8408527  -0.72469425 -5.400994    0.9907533   8.817504   -0.40666088
  1.1683581 ]
[ 7.8671007e+00  3.2739112e-01 -5.4483213e-03  9.0997863e-01
 -4.6167302e+00 -3.3878353e+00 -1.1410747e+00]
[ 7.8920135   0.2961075  -0.79518145  1.4871227  -3.9227402  -3.781428
 -1.0793648 ]
[-1.3342912  -2.0274463  -0.71417403 -2.049854   -1.0876757   0.38448238
  6.8686337 ]
[-0.20934938 -0.05022045  7.6908937  -0.774943   -6.0012627  -1.3320513
  0.13423307]
[-0.6186846   0.5608047   7.745557   -0.86473155 -5.6996326  -1.4140859
 -0.17542735]
[-3.21143    -4.9892683  -0.18517984  0.15608867 -0.443998    7.008826
  2.1651273 ]
[-0.05455427  7.8688216  -0.7358301  -0.14225727 -1.0719659  -6.801293
  0.3052409 ]
[-0.35638735 -0.27301067 -0.5045883   7.551428   -1.0853277  -0.7908719
 -3.61066   ]
[ 7.4205995  -1.3806392  -0.84166145  1.0338295  -3.6600816  -2.1475408
 -0.26715004]
[ 8.447966   -0.20176409 -0.35528782  0.59033597 -4.3291664  -3.410329
 -0.684661  ]
[-3.0754538  -1.2842507  -5.3153267   0.9988847   9.166311    0.25936282
  0.9526073 ]
[-1.249928   -0.31838652 -1.7584631   7.637096    0.11479588 -0.51820636
 -2.9115894 ]
[-0.27728006 -1.7012697   0.34751895 -2.7025774  -2.2871103  -0.24186952
  6.660435  ]
[ 8.46803    -0.29037195 -0.7276948   0.3876075  -3.9644327  -3.2488973
 -0.43153697]
[-3.1431177 -5.9719043 -1.4270922  0.7409266  0.7739705  8.541353
  1.5617621]
[-3.2602994  -1.4733326  -5.4387703   1.3156332   9.164267    0.46423244
  1.0196881 ]
[-1.0613937  -1.2676972  -0.9616974  -2.2858398  -1.031181   -0.42831585
  6.957878  ]
[-0.35785195  0.379662    7.810701   -0.7629036  -5.8292437  -1.3454025
 -0.35732213]
[-0.44626978  0.17035681  7.554319   -0.430176   -5.55594    -1.2895414
 -0.4307779 ]
[ 0.53033763 -0.5295429  -1.8736985   7.83446    -0.6479851  -1.486347
 -2.7993064 ]
[-3.0514138  -1.3493056  -5.2242756   1.3606721   8.907833    0.42959014
  0.6602828 ]
[-0.776623   -0.53934973 -1.786001    8.045763    0.21612762 -0.57723284
 -3.510309  ]
[ 2.4350034e-03  2.9552805e-01  7.6328630e+00 -9.2954999e-01
 -5.9522591e+00 -1.4864252e+00 -5.5055298e-02]
[ 0.62221    -0.24318975 -1.495626    7.3330226  -1.0085186  -1.8724842
 -2.4350753 ]
[-0.55280185 -0.15678418  7.769409   -0.7712436  -5.6156178  -0.99653417
 -0.13564281]
[-0.21817133 -0.85657203 -1.5330439   7.887014   -0.7733201  -0.3666884
 -3.2283537 ]
[-3.568015  -1.8145844 -5.3662324  1.4266831  9.221733   1.0586449
  0.8121171]
[-0.31047437  8.395218   -0.3814429  -0.55926216 -1.1149257  -6.7636333
  0.10289047]
[-0.17535116  8.248854   -0.6903355  -0.5341327  -0.9545014  -6.7446733
  0.2983367 ]
[ 0.76188266 -3.4560986  -3.3959205   6.987724    0.4161928   2.7022035
 -2.800601  ]
[ 6.0922215e-03  8.1829643e+00 -6.0741687e-01 -6.1893001e-02
 -1.0385400e+00 -6.8240085e+00 -1.6764630e-01]
[-3.2761288 -5.721364  -1.5367231  0.7680557  0.8730017  8.553858
  1.5014743]
[-0.12810753  7.4441876  -0.36635432  0.19231537 -1.4478301  -6.493417
  0.16933367]
[-3.5931334 -2.0785038 -5.2115083  1.6235639  9.016914   1.4741871
  0.5335356]
[-0.46457756  8.317726   -0.33081308 -0.51359135 -1.1505347  -6.744581
  0.21013008]
[-2.6790924 -0.8671986 -5.2667336  1.2893685  8.8042965 -0.4682399
  0.891325 ]
[-3.5197592 -1.2093104 -5.0791926  1.11669    9.332062   0.5066615
  0.6261575]
[-1.0898844  -0.39066797 -2.9417787  -2.8709798   0.38320416 -1.2343823
  7.8838315 ]
[-2.9381113 -5.69186   -1.2456656  1.1378107  0.81628    8.58031
  0.5664726]
[-0.1262513   0.9883312   7.7159753  -0.6203306  -5.829771   -1.8181896
 -0.70741355]
[-0.26344436 -0.24196166  7.650085   -0.7030648  -5.6241946  -1.1505213
 -0.12534681]
[ 7.9251776   0.37918577  0.22054225  0.7130844  -4.578264   -3.3336418
 -1.3645563 ]
[-2.8645587  -6.1444016  -1.4520696   0.8577748   0.93463343  8.704746
  1.154495  ]
[ 7.4837704   0.27610776  0.08733399  0.05887094 -4.3177586  -3.1181724
 -0.45690498]
[-0.63454413 -1.650302   -1.3101268  -2.534199   -1.1496642  -0.1816116
  7.432692  ]
[-0.1752615   8.194929   -0.9252733  -0.06712049 -0.61143136 -6.8897495
  0.04189419]
[ 0.0789415  -0.33435896 -1.4316844   8.044561   -0.7778418  -1.2433425
 -3.2466059 ]
[ 8.152673   -0.0111277  -0.5249462   0.86514443 -4.2204375  -3.5401542
 -0.71054184]
[ 0.49755636  7.30547    -0.3546446  -0.7797019  -1.9677252  -6.430568
  0.955786  ]
[ 8.464148   -0.18242458 -0.5697222   1.0808073  -4.205428   -3.5783021
 -0.89205676]
[ 0.6752018  -0.31934237 -2.1137323   7.561912   -0.40768605 -1.9426088
 -2.4663744 ]
[-2.8403246  -0.94224024 -5.4332194   1.1323692   8.832597   -0.14592722
  1.0696025 ]
[-1.0324386 -1.1873267 -1.1710839 -2.7016437 -1.0187147 -0.5359064
  7.526793 ]
[-0.12062218  0.3964451  -1.3552291   7.5987606  -0.6569356  -1.7289099
 -3.2088084 ]
[ 8.138389    0.32093173 -0.24262631  0.43741342 -4.4639215  -3.5284755
 -0.671006  ]
[ 8.540977   -0.41627815  0.37891835  0.21212941 -4.898181   -3.2607222
 -0.55094796]
[-2.737022   -0.5773021  -5.263342    0.9342914   8.84348    -0.49918273
  0.8898566 ]
[-0.25478616 -0.14950831 -1.4071745   7.5747666  -0.31397107 -1.1501863
 -3.1930366 ]
[ 0.47558847  0.06942534 -2.1688569   7.969538   -0.25403306 -2.0130055
 -3.0656016 ]
[-3.1628432  -5.7845764  -1.4377697   0.85111076  0.7646496   8.353661
  1.5010371 ]
[-3.433838   -1.8412851  -5.175795    1.4164773   9.134499    1.0129036
  0.68577594]
[ 8.3533764e+00 -2.7830774e-01 -1.4443272e-03  4.1864640e-01
 -4.5787001e+00 -3.0866673e+00 -7.9253507e-01]
[-0.6684464  -0.23217699  7.5618944  -0.9787008  -5.586735   -0.8048783
  0.21580563]
[ 8.114998    0.33607134 -1.2803298   0.8779403  -3.3221388  -3.9100854
 -0.6169292 ]
[-3.3122692  -5.5167823  -0.25640294  0.4000411   0.13516225  8.304441
  1.0538225 ]
[-0.7265581  -0.7217046   7.713879   -0.94964504 -5.3856277  -0.6439066
  0.2363573 ]
[ 8.414225   -0.11898442 -0.42559645  1.201677   -4.333334   -3.4682357
 -1.2070984 ]
[ 7.72767    0.5677066 -0.6742261  1.2180113 -3.924834  -3.746123
 -1.091812 ]
[-3.2281678  -5.5965743  -1.688281    0.69697523  0.8751989   8.136707
  1.8089161 ]
[ 7.046212    0.68702817 -0.612303    2.1073585  -3.8011687  -4.169586
 -1.1989341 ]
[-0.38894084 -0.4658148  -1.7736256   7.6048636  -0.5001446  -0.91298205
 -2.6121964 ]
[-2.858602   -0.6877906  -5.1940217   1.2357074   8.818882   -0.4038361
  0.74604166]
[ 8.223851   -0.24357904 -0.648252    0.07909042 -4.0683703  -3.1142828
 -0.11355504]
[ 8.051805    0.19595373 -0.6968119   0.81718874 -3.8301396  -3.4314122
 -0.9157278 ]
[-1.2691135  -0.2187537  -1.498887   -3.9531224  -0.73111796 -1.0044053
  8.249526  ]
[-2.7310379  -0.47848544 -5.0171375   1.0766793   8.8694315  -0.6534132
  0.54724324]
[ 8.211487    0.29009795 -0.13941726  0.38169357 -4.5916495  -3.629389
 -0.5506591 ]
[ 8.190621    0.3283699   0.02801475  1.0642684  -4.810446   -3.8521304
 -1.0145158 ]
[-3.2623224  -5.7054744  -1.1351492   1.0969102   0.6880343   8.647543
  0.86362165]
[-0.22691663 -0.55449593 -2.5283384   8.077725    0.45392174 -1.3267676
 -2.7919006 ]
[-1.117671   -1.5021929  -2.4178123   7.1822157   0.01159953  0.772286
 -1.9268143 ]
[-1.4929318  -0.6610112  -1.5891504  -2.9863007  -0.38000783  0.06389907
  6.940283  ]
[ 8.585201   -0.209619   -0.17323379 -0.0268832  -4.4453015  -3.1590238
 -0.48580825]
[-1.5092456  -0.83314073 -0.8266946  -3.3933372  -1.0019959  -0.03212452
  7.399589  ]
[-3.8493083 -1.6601719 -5.259838   1.6651286  9.1542845  1.2858281
  0.4284743]
[ 8.088965    0.06668196  0.16334747  0.11610869 -4.7375636  -3.188319
 -0.51615375]
[-0.15091582 -0.07109194 -1.7512918   7.5814266  -0.36061856 -1.6252834
 -2.7580948 ]
[ 7.363959    0.5654476  -0.17239362  1.7309109  -4.4962316  -4.0741324
 -1.0081035 ]
[-1.5497384  -0.81738603 -0.31359842 -3.810829   -1.3014939  -0.05063749
  7.5562663 ]
[-0.6557307  -0.9099939  -1.5723591   7.6433754  -0.8789799  -0.04292973
 -2.679239  ]
[ 8.103937    0.42859545 -0.6133021   0.9951093  -4.1719394  -3.7053816
 -0.9798149 ]
[ 0.11298073  0.4220129   7.9079847  -0.698454   -6.206316   -1.782103
 -0.29135752]
[-3.0311432  -5.941883   -1.5320733   0.86272126  0.87703806  8.463079
  1.3896679 ]
[-0.35730883  0.4429441   7.531814   -0.6121824  -5.7721043  -1.4926796
 -0.20006838]
[ 0.209785   -0.1734067   7.8765974  -0.5945398  -6.29931    -1.4836278
 -0.12940744]
[-2.963416   -5.9133143  -1.4322698   0.81444126  0.78508985  8.361594
  1.4296722 ]
[-3.0724242 -5.7969747 -1.2756808  0.8792915  0.6650796  8.4237995
  1.2767903]
[-5.6445408e-01 -1.8122352e+00 -2.5440102e+00  7.0868983e+00
 -2.6170770e-04  7.1765167e-01 -1.8539202e+00]
[ 8.358301    0.3049043  -0.88608795  1.1965675  -3.9090004  -3.9034984
 -1.0322664 ]
[-0.07739989  7.2898664  -1.192302   -0.71025133 -1.2976153  -5.84318
  1.3643172 ]
[-5.9491974e-01  3.1379294e-01  7.6295710e+00 -8.9802611e-01
 -5.5643206e+00 -1.2881752e+00  7.4712629e-03]
[-3.3909316  -5.632247   -1.2635603   0.6360078   0.85332173  8.457693
  1.4579487 ]
[-3.3488843  -1.440453   -5.1762886   1.5605782   8.957365    0.7147549
  0.53276956]
[-2.5068946  -0.12843764 -4.940736    1.0672933   8.279206   -0.987292
  0.67366403]
[ 8.33787    -0.16010785  0.38764328  0.85474575 -4.7751765  -3.4177015
 -1.2435459 ]
[-0.14103048  7.767913   -1.1346332  -0.02987746 -0.5324936  -6.825373
  0.4353264 ]
[-0.19424032 -0.45616403  7.8609333  -0.7302356  -6.2232428  -1.1149881
  0.19428098]
[-0.12270082  8.219202   -0.31556395 -0.44184813 -1.34471    -6.6632304
  0.05743594]
[-1.0853868 -0.844291  -2.0031176 -3.0682375 -0.4604719 -0.878884
  8.110189 ]
[-0.16795233 -0.20379138  7.8263206  -0.6263837  -6.14678    -1.194379
 -0.08575062]
[-1.0832686  -1.0065205  -1.1631303  -2.3810816  -0.92774653 -0.63747865
  7.093914  ]
[-3.0857303  -1.2324885  -5.3034234   1.3621482   9.032055    0.31123275
  0.6868882 ]
[-0.7014432   0.03900991  7.6358953  -0.72934043 -5.54156    -0.9149115
 -0.22500563]
[ 0.22124137 -0.10819068 -1.2216249   7.587066   -0.9273803  -1.2534095
 -3.2328885 ]
[-3.3031785  -5.4973598  -0.63949144  0.6125539   0.34930733  8.431446
  0.9949385 ]
[-2.6327949  -0.5628774  -5.4733477   0.92561686  8.717144   -0.5498383
  1.1221588 ]
[-1.2127532  -1.091761   -0.7941032  -3.7482388  -1.1919498   0.11395243
  7.7005486 ]
[ 8.264049   -0.3899649  -1.1371874   1.1502234  -3.7617483  -3.275299
 -0.70008826]
[-0.41357997 -1.0264187  -1.6776898   7.793784   -0.79083014 -0.35054615
 -2.7075205 ]
[-0.57064736  0.04248584  8.357239   -0.894952   -5.914784   -1.131594
 -0.42468   ]
[-0.53044885  7.9605803  -0.4720439  -0.38615453 -0.77468675 -6.5788417
  0.20819567]
[-0.10393801  0.64495164 -1.802323    7.7891846  -0.25001028 -2.258272
 -3.1287801 ]
[ 7.890278    0.32022282  0.4277697   0.10375898 -4.840522   -3.4546056
 -0.52112275]
[-3.0456681 -6.077952  -1.2775011  0.6455066  0.7418961  8.480568
  1.5768962]
[ 7.807151    0.31475753  0.9968811   0.6466635  -5.303914   -3.4599006
 -1.1660357 ]
[-1.3887041   0.03239813  7.084996   -0.8344046  -4.983517   -0.4721051
  0.21438387]
[ 0.02520978  0.96372116  7.6493216  -0.93429345 -5.9648094  -1.8764045
 -0.32181424]
[-3.4190748  -5.3795085  -1.1886649   0.3865838   0.49742347  7.929363
  2.0058675 ]
[-0.598824    0.3728996   7.5080166  -0.64415836 -5.456378   -1.1194583
 -0.4426111 ]
[-0.84612197 -0.74387264 -1.4495542  -2.4378788  -0.8434799  -1.0344322
  7.2116694 ]
[-0.86047256 -0.05292734  7.6365337  -0.61515427 -5.3635774  -0.8341936
 -0.31603113]
[-1.0271884  -1.5867146  -2.8531382   6.85854     0.51896     0.32741892
 -1.1959243 ]
[ 1.4259961 -1.0112354 -1.7058618  7.4158454 -1.264248  -1.7332999
 -2.178813 ]
[ 7.9669704   0.29318225 -0.15095954  0.65370256 -4.354016   -3.372871
 -1.0297211 ]
[-0.60471654  0.3689079   7.532245   -1.0035328  -5.5725746  -1.4221619
  0.2522969 ]
[-3.2507648  -5.7043023  -1.285451    0.97784126  0.88069737  8.618135
  1.0037768 ]
[ 8.504759    0.03005864  0.23167323  0.45876473 -4.844416   -3.4584305
 -0.8865419 ]
[-0.2038228  -0.29797673 -1.5081843   7.909823   -0.27697974 -1.2825629
 -3.314409  ]
[ 0.22222842  7.105695   -0.8516369   0.7573174  -1.0844051  -6.6145005
 -0.06170689]
[-2.1714113  -2.2508097  -0.33136493 -3.62213    -1.0003895   1.5687441
  7.7125764 ]
[-0.20754911 -0.85034156  7.7619953  -0.5959676  -6.0106277  -0.87415856
  0.16060096]
[-2.7797475  -0.6618361  -5.1854286   0.9337609   8.83573    -0.44704825
  0.89540863]
[-0.04098047  8.245678   -0.6271486  -0.1028136  -0.9534137  -6.913631
 -0.14524606]
[-0.13089241  7.3540626  -0.5684183   0.31580317 -1.1553787  -6.578954
  0.15285334]
[-1.6610656  -0.7758105  -1.9653553  -3.734242   -0.05235185 -0.44401014
  8.397591  ]
[ 8.5783615  -0.08017819 -0.20943692  0.7153286  -4.467787   -3.4345348
 -1.0454979 ]
[-3.0159965  -5.7989864  -1.2437394   0.9745174   0.67120206  8.405762
  1.0838277 ]
[-0.1710462   8.062539   -0.03022515 -0.02790952 -1.4192833  -6.6240277
 -0.38609546]
[-1.2382696  -0.86911255 -0.2625555  -2.5179055  -1.3964607  -0.67018896
  6.8104644 ]
[-0.41046628  8.335108   -0.34279564 -0.6523118  -1.2256123  -6.657157
  0.31336892]
[-0.95479196 -0.4543505  -1.1365086  -2.760652   -0.88728297 -0.9929715
  7.0456195 ]
[ 0.08604831  7.7745557   0.09659054 -0.07717197 -1.6532515  -6.38878
 -0.41678503]
[-1.197815   -0.8314569  -2.435311   -2.4954126   0.11559518 -0.90800554
  7.644302  ]
[-2.946539   -5.982607   -0.95983636  0.55407983  0.48311225  8.526188
  1.3310766 ]
[ 0.11364133 -0.6210209  -1.2996216   7.844957   -0.7738642  -1.1475229
 -3.0715072 ]
[ 8.349497   -0.43842515  0.35471416  0.37535372 -4.814026   -2.905741
 -0.9259436 ]
[-0.2626216   0.03363138  7.8160787  -0.66376543 -5.7502427  -1.3523736
 -0.29745108]
[-3.6734493  -1.5969286  -5.179203    1.6518781   9.062002    1.0394835
  0.50887537]
[-0.35276285 -0.32046604  7.884757   -0.64233494 -5.921174   -1.0159664
 -0.2094773 ]
[ 2.789689   -3.3749142  -2.5506368   6.7610183  -0.61319584  0.91236025
 -2.601     ]
[-0.1894739  -0.9548739  -1.5680376   7.8544917  -0.5724909  -0.36897737
 -3.1256597 ]
[-0.49703398  0.72130245  7.80564    -0.86308134 -5.784604   -1.5453225
 -0.308743  ]
[ 7.893149    0.19979076 -1.1210401   1.3595791  -3.4167871  -3.797562
 -0.9364785 ]
[-2.736991   -5.8063827  -1.6649015   1.4659935   0.99051434  8.440771
  0.56452537]
[-2.7547848  -5.248418   -1.1536726   1.8451847   0.54781306  7.840386
  0.04415928]
[ 8.241629   -0.39595407 -0.22277829 -0.23653752 -4.2711377  -2.8894546
 -0.12815477]
[ 7.6663284   0.32538548  0.23931538  0.6391164  -4.517459   -3.5857155
 -0.8030199 ]
[-0.3606119   8.151997   -0.5854636  -0.09388956 -0.79274726 -6.777737
 -0.05904856]
[ 8.052736    0.29129693 -0.5395031   1.8172485  -4.04406    -3.8662207
 -1.5920093 ]
[-2.6597846 -0.6404801 -5.3036737  1.1712215  8.917194  -0.613015
  0.7576653]
[-2.7685475  -0.9843525  -5.647386    0.8447747   8.984586   -0.13231017
  1.3009496 ]
[-3.5036733  -1.6923347  -5.0688896   1.2036773   8.944559    0.9496561
  0.91444147]
[-0.22716013  7.631142   -0.74126005 -0.79207975 -1.3764907  -6.1177983
  1.0465224 ]
[-3.2722464  -5.623505   -1.3496203   0.3995903   0.77664083  8.215706
  1.8398521 ]
[ 5.390829  -0.9961997 -1.4333715  4.484043  -2.9910016 -2.919505
 -1.0900655]
[-0.9917433  -1.3089069  -0.7219238  -2.2690766  -1.1517938  -0.45534685
  6.8166785 ]
[-0.20854183  7.9480824  -0.14355713 -0.3280589  -1.3117868  -6.7203107
  0.10337175]
[ 0.2862757   0.10657067 -2.6089604   7.794167    0.38409278 -2.2369277
 -2.720911  ]
[-3.0896869  -5.8844566  -0.957203    0.65029424  0.5011785   8.540556
  1.2455714 ]
[ 7.8786306  0.4055579 -0.6121475  1.448028  -4.145015  -3.888993
 -1.052604 ]
[-0.18416499  0.66675854  7.9006143  -0.8390336  -5.999007   -1.7605681
 -0.29339212]
[-3.1327705 -5.6773124 -1.2892566  0.8489697  0.750028   8.261287
  1.312453 ]
[-0.43286118  7.9494205  -0.13954902 -0.29402208 -1.486625   -6.468999
  0.19936083]
[-0.65695286 -0.1548228   7.6604657  -1.0020939  -5.6199064  -0.8413646
  0.1145493 ]
[ 8.00301     0.22294673 -0.18347213  0.41352943 -4.535302   -3.352752
 -0.6243546 ]
[-2.818256   -0.97191167 -5.5390835   0.9572021   8.861422   -0.08199605
  1.2238783 ]
[-3.0180626  -5.477611   -0.91993254  0.94623435  0.42783636  8.292225
  0.7210496 ]
[-1.0161976  -0.16195779 -1.5315814  -4.087581   -0.74375904 -0.8681052
  8.069204  ]
[-0.32929322  0.6363601   7.876293   -0.7266156  -5.9514055  -1.5781066
 -0.4095793 ]
[-0.4817094   0.43087822  7.8865175  -0.8129585  -5.831033   -1.3170909
 -0.36476237]
[ 0.2548007  -0.71299505 -1.5675772   7.9957747  -0.71686023 -1.0719419
 -3.0871916 ]
[-0.06577251  0.13546641 -1.7310818   7.9471283  -0.28453797 -1.7819526
 -3.2543547 ]
[-2.9051268  -5.4642787  -1.4615525   1.2680365   0.89658064  8.177906
  0.6349231 ]
[-1.0050318   0.38916737  7.8652883  -0.91485983 -5.6493416  -1.1183581
 -0.03489476]
[ 8.5098095  -0.16450705 -0.54225034  1.0160338  -4.204489   -3.5983655
 -0.9320764 ]
[-3.3323689  -5.4075465  -0.5796406  -0.34229434 -0.06760944  7.803978
  2.484322  ]
[ 8.544216    0.07604427  0.09509003  0.7341938  -4.8808103  -3.5484457
 -1.0815244 ]
[-3.3576593  -5.48506    -0.8204351   0.93368554  0.6800927   8.627097
  0.60995424]
[-0.49565685  0.1671448   7.6111736  -0.91357285 -5.7639856  -1.1586506
  0.0502065 ]
[-1.0308368  -0.47084257 -1.6549789   8.086346    0.15688752 -0.3064429
 -3.6734233 ]
[-3.0605023  -5.8138804  -1.247862    0.70597196  0.5450546   8.2107115
  1.6276231 ]
[ 5.2051554e-03 -7.3772795e-02 -2.8602476e+00  6.1670833e+00
  5.0315595e-01 -2.1493595e+00 -7.3813367e-01]
[-0.9871213  -0.15626429 -1.992713   -2.47903    -0.3187985  -1.4306146
  7.1536665 ]
[ 8.352829   -0.04598631  0.13482986  0.23236321 -4.587215   -3.1247623
 -0.9183436 ]
[ 0.01987134 -0.6580422  -2.337461    8.044793   -0.1407124  -1.0061632
 -2.838965  ]
[-3.186357   -5.852954   -1.5922756   0.7670257   0.97439116  8.473569
  1.5534494 ]
[ 1.2296969   7.636377   -0.37146774 -0.24334307 -2.3041778  -6.6480274
  0.0759194 ]
[-2.8668075  -5.961964   -1.1986501   0.8062147   0.7254722   8.607007
  0.99934965]
[ 7.964555    0.5499599   0.12328728  0.78060484 -4.756728   -3.7261117
 -1.0187664 ]
[-0.4352291  -0.87599134 -2.76501    -2.609286    0.18191074 -1.2519268
  7.676867  ]
[-3.2155163  -6.004664   -0.94522053  0.40225154  0.6609622   8.801725
  1.356487  ]
[-2.0014486  -0.24109022 -1.1939793  -2.9827366  -0.42406848 -0.06522533
  6.7464037 ]
[ 0.05739479  7.5799108  -0.19779047 -0.11112446 -1.4676286  -6.486469
  0.02675246]
[-0.44829902 -0.87628627 -2.4060962   7.6020865   0.07887588 -0.29187712
 -2.6653972 ]
[-0.7382923  -1.1494658  -1.9798436  -2.9388921  -0.28334096 -0.70785695
  7.7304006 ]
[-0.5775152   0.12879734  7.65147    -0.9034429  -5.7647195  -1.1300074
  0.07926806]
[-3.4800591 -5.5664477 -1.4223031  0.8986777  1.1401137  8.498554
  1.1668637]
[ 8.1980095   0.33962592 -0.21168946  1.0728923  -4.446413   -3.6155207
 -1.3264563 ]
[-0.27638772  7.815305   -0.65518636 -0.9940341  -1.0978061  -6.51144
  1.0322794 ]
[-1.1721025  -1.5814885  -0.32650122 -2.3684466  -1.4340435   0.10485737
  6.740149  ]
[ 0.22752802  8.001993   -0.64430416 -0.11484333 -1.1656865  -6.8022904
 -0.07485611]
[-3.331883  -5.7818685 -1.153457   0.7050859  0.5023601  8.514793
  1.5332192]
[-1.1673744  -0.8537246  -1.2749519  -3.1175768  -0.9559559  -0.68565935
  7.834624  ]
[-1.0897406   0.87723064 -1.6925988  -3.126654   -0.52264726 -1.541661
  6.714045  ]
[-0.4401962  -0.22248076 -2.165245    7.44274     0.10529913 -1.5922836
 -2.1148977 ]
[ 0.0106821   0.5517697   7.7491064  -0.8998153  -5.927296   -1.6634127
 -0.30632317]
[-1.0726968  -0.55532277 -2.0501251   6.853144   -0.02632342 -0.62100667
 -1.5823722 ]
[-2.5944386  -0.43557194 -5.3038664   0.9474933   8.672001   -0.6368429
  0.89114326]
[-2.6369112  -0.95053196 -5.512263    1.0739326   8.919732   -0.34851527
  1.0906377 ]
[-0.27043584  0.4521652   7.3525133  -1.1076425  -5.686428   -1.4845502
  0.29539555]
[-0.7156124  -0.6413778  -1.8378801   8.085949    0.09065302 -0.66384417
 -3.2947688 ]
[-1.1145282   0.35999835  7.65714    -0.74637145 -5.4718456  -1.1653026
  0.0430501 ]
[ 0.72616863 -0.8840735  -2.1072977   8.1993885  -0.73761046 -1.1082444
 -3.03495   ]
[-1.0334618  -0.76921445 -2.3111243   7.3336782   0.40588072 -0.61306864
 -2.008479  ]
[-1.1768472  -0.08523201 -1.4579607  -4.040408   -0.7634364  -0.8381345
  8.007124  ]
[-2.567038   -5.9437366  -1.8702891   1.9258724   0.92597526  8.262505
  0.44741625]
[-2.7689688  -0.65603685 -5.228204    1.0692881   8.648638   -0.39928615
  0.9484129 ]
[-1.178108   -0.43302336 -1.0141424  -2.69362    -1.0112646  -1.0272497
  7.1781125 ]
[-2.955295   -6.0160046  -1.3219055   0.88908565  0.8919524   8.697422
  0.9830951 ]
[ 8.121316    0.3355455  -0.14866365  1.0625429  -4.430701   -3.6936095
 -1.2492907 ]
[-1.2164133  0.6199503 -1.9298382 -3.585757  -0.2630686 -1.5100338
  7.4776125]
[-0.6908248   0.497359    6.837988   -0.5899713  -5.1450176  -1.3318179
  0.07082288]
[ 7.951021    0.2616556  -0.21268651  0.23887761 -4.2543764  -3.2955189
 -0.5764719 ]
[-5.0117576e-01  1.1660428e+00  7.4894614e+00 -9.4382471e-01
 -5.7307348e+00 -1.9199020e+00 -2.0997007e-03]
[-0.25377256  2.3328352   6.1761475  -0.46033    -5.042894   -2.757422
 -0.32587367]
[ 7.9646854   0.19777414 -0.5974919   1.5180215  -4.0762463  -3.8040755
 -1.1735353 ]
[ 0.20961937 -1.3075899  -1.4242873   5.800892   -1.2384243  -0.2820211
 -0.8969563 ]
[ 7.8577137e+00 -3.8459286e-04  4.9799469e-01  4.0351409e-01
 -4.9050255e+00 -3.4294600e+00 -5.4856092e-01]
[-1.1790242  -0.21032669  7.2885     -0.7471714  -5.1560526  -0.32290447
 -0.06508377]
[-0.641909   -0.42151126 -1.7233747   7.799299   -0.44156528 -0.64033276
 -2.97262   ]
[ 8.347979    0.08625982 -0.43884942 -0.419828   -4.089902   -3.1431959
 -0.2014434 ]
[-0.34783855  8.299814   -0.31735203 -0.40554023 -1.2621274  -6.702639
  0.07011446]
[-0.22714171  7.8865495  -0.3869429  -0.52328885 -1.1403582  -6.6097374
  0.35165608]
[ 0.11920896  7.5543838  -0.35422197  0.09566712 -1.3012831  -6.8408227
  0.07370803]
[-3.2024543  -5.692995   -1.2831962   0.57962304  0.5946046   8.048825
  1.891     ]
[-0.8813329  -0.62727547 -1.7937584  -2.7520778  -0.55059606 -1.113604
  7.56074   ]
[-0.32617322  8.121241   -0.23697616 -0.68549746 -1.5848488  -6.4789586
  0.47638872]
[-3.7020745 -1.7837092 -5.2591534  1.6076759  8.984746   1.2879012
  0.6683411]
[ 0.10264492  7.6506944  -0.5581009   0.26518962 -1.229169   -6.4619308
 -0.2767322 ]
[-3.4133143  -5.438172   -1.0360154  -0.1929408   0.28728452  8.021936
  2.5199065 ]
[-0.0269817   8.33754    -0.30668238 -0.2741474  -1.5370939  -6.7213216
 -0.08944328]
[-1.464939   -0.7372881  -1.0971743  -3.8330142  -0.81332046 -0.16720085
  7.821996  ]
[-0.30403712  0.10374273  7.628105   -0.8941608  -5.9125032  -1.3444831
  0.20140897]
[ 0.31063402 -0.43683714 -1.4691172   7.807092   -0.9110568  -1.3485494
 -2.979368  ]
[-0.7923032 -1.0112387 -2.7282293 -2.3773148  0.0843247 -1.0600121
  7.799283 ]
[-2.4719744  -0.6098338  -5.4047527   0.9648515   8.807128   -0.58701247
  0.82891285]
[ 7.5527744   0.6024435  -0.45268872  0.41889068 -3.8687778  -3.5076354
 -0.622561  ]
[-2.7653897  -0.62843496 -5.2625465   0.97177404  8.80758    -0.51388526
  0.97668123]
[-0.01511852  1.0359703   7.7496943  -0.9386944  -6.0064816  -1.9398167
 -0.34963652]
[-3.1235597  -5.795729   -1.0735047   0.5737166   0.69891477  8.4142685
  1.3456429 ]
[ 7.8895216  -0.03371096  0.12117759  0.611287   -4.573764   -3.1663496
 -0.85395104]
[ 8.180253    0.08174717  0.23703577  0.45594817 -4.7717447  -3.359089
 -0.8930065 ]
[-1.2462441  -0.644537   -1.744428   -3.0601883  -0.47243762 -0.6436249
  7.65602   ]
[-0.90066254 -1.1057976  -2.4239528  -2.567035    0.01433888 -0.83968353
  7.7080584 ]
[ 8.177185   -0.20573932  0.03063218 -0.11521693 -4.5196266  -3.063123
 -0.2140153 ]
[-0.75321174 -1.3490945  -1.3045872  -2.409959   -1.0797778  -0.39874864
  7.1998634 ]
[-3.1892374  -1.5156096  -5.4499183   1.2001132   9.32705     0.57946306
  0.807007  ]
[-0.13676329 -0.53126144 -2.4188714   8.034942    0.14072104 -1.3542261
 -2.6517854 ]
[ 8.153162   -0.12709236 -0.21392807  1.035142   -4.4530067  -3.2971156
 -1.0636914 ]
[ 7.666487    0.47588423 -0.08460698  1.4662777  -4.326865   -3.5106142
 -1.6518939 ]
[-0.95622593 -1.7445213  -0.6908961  -2.2467592  -1.3708445  -0.05779258
  6.993276  ]
[-1.3619933 -0.6820928 -0.5305    -2.1591983 -1.0479662 -0.7994374
  6.4613767]
[ 8.435225   -0.353018    0.15948282  0.5642073  -4.706823   -3.0152595
 -1.0730149 ]
[-0.79711807 -0.7572676   7.9682846  -0.65089476 -5.497055   -0.5868521
 -0.2283476 ]
[-0.4193592  -0.5628102   7.8411293  -0.5497139  -5.9031024  -0.7035583
 -0.32407784]
[-3.2806635  -0.8178092  -5.113173    1.0803896   9.21048     0.16322297
  0.49677822]
[-3.307535   -5.581086   -0.71838564  0.39535564  0.515677    8.288136
  1.3368822 ]
[-0.4935101   0.5608275   7.7350445  -0.70356476 -5.58745    -1.5270194
 -0.4268172 ]
[-3.3399923  -1.3061296  -5.3026476   0.8468696   9.084261    0.35514182
  1.3475406 ]
[-2.6582317  -0.59648067 -5.3808765   1.0129076   8.613276   -0.5999126
  1.1610968 ]
[-0.15347816  8.11314    -0.41483825 -0.13021034 -1.2678858  -6.8269963
  0.04267651]
[-2.831448   -5.9841595  -1.3751972   0.8073357   0.74569184  8.4632015
  1.2226841 ]
[ 0.07142657 -0.13842879 -1.1876706   7.7650743  -0.8471317  -1.2286603
 -3.386469  ]
[-0.01793697  7.698172   -0.76063836 -0.11233179 -0.95755035 -6.800896
  0.36715445]
[-0.6445412   0.38286465  7.6523533  -0.882344   -5.3537583  -1.3059956
 -0.24627142]
[-2.6598592  -6.1642394  -1.1081766   0.68920726  0.5721599   8.58188
  1.1258917 ]
[ 1.1803389e+00 -2.6330609e+00 -2.7532728e+00  6.9842653e+00
 -1.8835203e-03  5.5270320e-01 -2.1210604e+00]
[ 0.06213538  0.77380407  7.92106    -0.7209493  -6.0728273  -1.8005497
 -0.65403533]
[-3.1767309  -5.235869   -0.6561495  -0.51186115 -0.40937224  6.99672
  3.4196029 ]
[-1.0950199  -0.02135059 -1.6659331  -3.957881   -0.52071    -0.9715032
  7.897709  ]
[-1.1551578 -0.6595618 -1.2229338 -2.454641  -1.0528344 -0.8592545
  7.1922917]
[-0.12339557  8.13652    -0.22620173 -0.02492177 -1.3209265  -6.7197304
 -0.33809966]
[ 0.48878902 -0.9279344  -1.747341    8.335161   -0.8891771  -1.1146109
 -3.1662729 ]
[-2.976514   -6.0626907  -1.0147585   0.4371114   0.58135843  8.649246
  1.3683658 ]
[-2.3908234  -5.947755   -2.0458088   2.2187672   0.9372893   8.21852
  0.21766579]
[-0.5267015   7.752802   -0.90885115 -0.23899414 -0.75803447 -6.571216
  0.6811669 ]
[-0.41223493  8.184412    0.04956483 -0.40325797 -1.5409535  -6.5605674
  0.02697222]
[ 0.2434657  -0.03857442  7.9695244  -0.8019501  -6.3422785  -1.4998758
 -0.12141347]
[-2.7608676  -5.971992   -1.405659    1.1126834   0.7836648   8.500065
  0.90875226]
[-0.7112068  -1.1436757  -1.2661799  -2.3984199  -1.1032965  -0.70839196
  7.187317  ]
[-1.0689754  -0.8606158  -2.318391   -2.5350263  -0.14175463 -1.0856516
  7.81894   ]
[-0.394684    0.83092344  7.8020506  -0.9316654  -5.8537426  -1.657261
 -0.27144158]
[ 8.0535965   0.42924482  0.6647588   0.4359617  -5.0374913  -3.4433177
 -1.2312192 ]
[-0.2999973   7.884497   -0.26392612 -0.67893577 -1.6020664  -6.3029747
  0.593801  ]
[-2.8548098  -5.9549165  -1.4657214   0.79869425  0.7279285   8.370124
  1.4108068 ]
[-0.41084778 -0.8625916  -2.6042004   8.064994    0.27949512 -0.27587366
 -3.0693083 ]
[-2.9544683  -5.9692464  -1.5194046   0.98624736  0.8788969   8.57719
  1.1490725 ]
[-0.9180392  -0.7022032  -1.7522521  -3.0022633  -0.590227   -0.94366115
  7.7024717 ]
[-3.122559  -5.903053  -1.2125719  0.6186204  0.9068258  8.675791
  1.1945043]
[ 8.262568   -0.14226884  0.35842457  0.4196304  -4.77558    -3.18769
 -0.9468582 ]
[-0.4910272 -0.8591293 -2.040164   7.875281   0.1489052 -0.6346616
 -2.9750588]
[ 8.166774    0.20680845  0.351327    0.44290814 -4.8709316  -3.4119108
 -0.974839  ]
[ 8.2649     -0.09519029 -1.132628    1.0788735  -3.6739235  -3.6152966
 -0.6768233 ]
[-2.2079046  -2.3872352   0.06423606 -2.4573581  -1.3393276   2.0619464
  6.2818894 ]
[-3.040305   -1.2150785  -5.4272475   1.2096242   8.935788    0.21316484
  1.0650771 ]
[-0.20968431  8.318553    0.29501364 -0.7930775  -1.7766645  -6.546503
 -0.02073594]
[-0.26428506 -0.22923632 -2.1194758   8.183171    0.02683647 -1.2385492
 -3.2822616 ]
[-1.0708606   0.16534486 -1.7302711  -3.874605   -0.5660237  -1.1233792
  7.8626513 ]
[-2.5646584  -5.2973976  -1.5780056   1.76146     0.7840811   7.691851
  0.31767765]
[-0.5916925  -1.2046156  -1.8157969  -3.1477292  -0.667082   -0.50393355
  7.7910132 ]
[-0.00998872  7.590722   -0.08468758 -0.65576994 -1.8908037  -6.4226646
  0.68388695]
[-2.8450694  -5.855845   -1.4267268   1.1416671   0.61278576  8.327847
  1.0717673 ]
[-1.3588415  -2.3012404  -2.740361    6.1900144   0.44384497  1.9424171
 -1.1836629 ]
[-3.2503128  -5.690765   -1.3785257   0.76149184  0.690562    8.1974125
  1.7089028 ]
[-0.96884966  0.20816275 -1.4812078  -2.500425   -0.7811981  -1.64622
  6.8253217 ]
[-2.683104   -0.64151424 -5.1346397   1.2440184   8.710981   -0.612835
  0.7593863 ]
[-0.15245663 -0.04007638  7.9104357  -0.6802727  -5.9535694  -1.4818528
 -0.14617015]
[-0.64665586 -0.5997523  -2.1351032  -2.8951128  -0.24867408 -1.281722
  7.6136365 ]
[-2.7275927  -0.71860176 -5.506747    0.9426353   8.713976   -0.45035988
  1.2893598 ]
[-3.9900908  -3.694589   -1.5353683  -0.35293442  0.62560153  5.6541505
  3.8517022 ]
[-3.084343   -0.9459691  -4.9779444   1.1903558   8.782671    0.11816818
  0.59659916]
[-1.2004673  -1.0369359  -0.86040545 -2.8739069  -1.2625473  -0.4376908
  7.493564  ]
[-0.1144416   7.8487225  -0.13859683  0.14439107 -1.2838207  -6.5028462
 -0.45466524]
[-3.5468183  -1.3701918  -5.28802     1.250398    9.3083935   0.79771394
  0.62234557]
[-0.37999445 -1.0786277  -1.5151604  -2.2684033  -0.9372132  -0.90839016
  7.0013947 ]
[-0.22678553 -0.3834777   7.6847215  -0.91721225 -5.967161   -1.0432456
  0.28557673]
[-3.339826   -1.841545   -5.358244    1.4184624   9.202946    0.91438735
  0.82378364]
[-1.3130877  -0.49676785 -1.4531157  -3.9839337  -0.58204085 -0.4231859
  7.9954534 ]
[-0.858936   -0.44850442 -2.1928418   7.5002675   0.15996465 -0.9827291
 -2.158826  ]
[ 0.9225567   7.63024    -0.4159533  -0.46094728 -2.2385373  -6.5056987
  0.38565588]
[ 8.468498   -0.09190895  0.04698531  0.5201484  -4.6016765  -3.3051894
 -1.0010662 ]
[-3.1267042  -5.861696   -1.3457289   0.89304197  0.85250497  8.57147
  1.1713623 ]
[ 0.0862913   7.7725863  -0.08495303 -0.31772888 -2.0211225  -6.3388944
  0.22195323]
[-2.9404464  -0.90860736 -5.3369446   1.0202905   8.905207   -0.01592887
  0.99128497]
[ 3.2947791e-01  7.6981134e+00 -4.5762911e-01 -6.2510837e-03
 -1.5436028e+00 -6.5426650e+00 -6.7400426e-02]
[-0.68024117 -0.4485549   8.298473   -0.7957386  -5.9990377  -0.8414383
 -0.19039273]
[ 8.241879    0.11018672 -0.54844964  0.99548495 -4.1685762  -3.742379
 -0.8319623 ]
[-0.09244056  7.7034597  -0.52622086  0.60037255 -1.1140467  -6.715629
 -0.36954206]
[-0.6143415   7.6938787  -0.6429105  -0.15972504 -0.65101016 -6.26018
  0.19699228]
[ 7.962636    0.60960776  0.5591379   0.3779719  -5.124344   -3.6817687
 -0.8752078 ]
[-2.7043505  -0.9595165  -5.436283    0.9930427   8.908301   -0.22210953
  1.0511929 ]
[-0.93831325  0.24508964  8.018072   -0.9880748  -5.8967075  -1.1815082
  0.15153861]
[ 1.4816705   7.5034547  -0.30395612 -0.05900653 -2.4205003  -6.5977783
 -0.18950447]
[-7.9682388e-04  8.3855858e+00 -5.1604837e-01 -2.2750789e-01
 -1.4940249e+00 -6.6965728e+00 -2.0609902e-02]
[-3.2428007  -5.0480185  -1.3650689   1.2043378   0.81464946  7.598657
  1.0611408 ]
[-0.55254763  7.7656345  -0.51892793 -0.2521268  -0.6608642  -6.277687
 -0.01206365]
[-0.4460271   7.29929     0.54941535  0.03694615 -1.45817    -6.1100526
 -0.42978197]
[ 0.0406591   8.368978   -0.1999947  -0.53296536 -1.6327262  -6.7201257
  0.02260473]
[ 0.14772104  8.160855   -0.817225   -0.4890073  -1.2685114  -6.7298965
  0.45645174]
[-1.0345025   0.44651732 -2.2449183  -3.6619914  -0.00993786 -1.413548
  7.557599  ]
[-2.8164594  -6.027738   -1.3902968   0.96264756  0.71957195  8.376299
  1.2401409 ]
[ 0.2307259   6.1574183   1.1416295   0.40150088 -2.639147   -5.5960116
 -0.267129  ]
[ 7.758498    0.54913825  0.47719553  0.54614127 -4.768137   -3.6657398
 -0.989403  ]
[-3.2434835  -5.9091144  -1.5625184   0.7363713   0.97024107  8.5678005
  1.6211883 ]
[-0.75321174 -1.3490945  -1.3045872  -2.409959   -1.0797778  -0.39874864
  7.1998634 ]
[-0.758447  -3.6199217 -3.2388203  6.4457064  1.0200768  3.3569288
 -2.207148 ]
[-0.9484186  -0.16361603 -2.386829   -2.658667    0.24975626 -1.4570245
  7.2290072 ]
[-3.2143784  -5.7217126  -0.5129482   0.30468053  0.3278741   8.324039
  1.3616278 ]
[-1.3435814  -0.43921933 -1.30902    -3.7282588  -0.7809342  -0.5034301
  7.814372  ]
[-3.3412716 -5.149181  -2.298264   1.6381913  1.0811675  7.0216784
  1.9917544]
[-0.5352422  -0.7551041   7.9797297  -0.6290746  -5.662137   -0.5579001
 -0.35927606]
[ 8.029104    0.63418543  0.15426494  1.0630299  -4.787925   -3.82321
 -1.3673655 ]
[-0.12307188 -0.6688432  -2.2799551   7.465536   -0.14764722 -0.9860092
 -2.2466364 ]
[-3.518927   -1.6680001  -5.2684474   1.5062321   9.100966    0.94104224
  0.70276403]
[-1.292589    0.08677793 -1.4870391  -4.064284   -0.67161417 -0.9637903
  7.989364  ]
[ 8.38192    -0.28523418  0.07420657  0.46308845 -4.5494604  -3.037018
 -1.0039542 ]
[-1.9087117  -0.6923616  -2.0698757  -2.7787716   0.2669522   0.19090332
  6.9762883 ]
[-1.6765907  -0.49318722 -1.9256542  -3.450687   -0.10020008 -0.6101616
  8.0003395 ]
[ 0.24553595 -0.53541565  7.944578   -0.53342414 -6.176355   -1.2084367
 -0.29550987]
[ 0.20571582 -0.16768275 -1.994185    8.104816   -0.34988913 -1.653961
 -3.1519704 ]
[-3.2293952  -1.3289473  -5.268397    1.2202953   9.129639    0.43824866
  0.81108356]
[-3.063719   -5.956876   -1.6172545   0.87710345  1.0737182   8.555286
  1.2897794 ]
[-3.231707  -5.572474  -1.00177    0.5436914  0.5871557  8.175492
  1.4507082]
[-2.5108829  -4.8392797  -2.5597286   3.3567238   0.9451886   6.5205574
  0.05609631]
[-3.2681801  -1.2463424  -5.3619976   1.094525    9.045429    0.38464683
  1.075801  ]
[ 1.669765   -3.1566916  -2.9661138   7.2252045  -0.16724344  1.2382877
 -2.5418928 ]
[ 8.269255    0.08912281 -0.5630369   0.39811745 -4.1266737  -3.4213905
 -0.540713  ]
[ 8.152592    0.09905145  0.10314821  0.5712504  -4.632103   -3.3315508
 -0.96807754]
[-1.6057818  -0.53458893 -1.7809072  -3.773309   -0.26830906 -0.58748317
  8.239171  ]
[ 8.502538   -0.4408201  -0.8136895   0.13303076 -3.9291072  -3.0103118
 -0.26641873]
[-3.6501088 -1.9852607 -5.369046   1.7084506  9.2441845  1.2673182
  0.6239067]
[-2.9990292e+00 -5.6111789e+00 -8.3413124e-01  2.8629345e-01
 -1.0723011e-03  7.9671898e+00  1.9106179e+00]
[-1.1073506  -0.13652045 -1.8541443  -3.8918455  -0.36816743 -0.7994524
  7.883126  ]
[ 0.68827057  0.27615905 -1.6617773   8.162888   -0.63577604 -2.2835572
 -3.532813  ]
[-1.9455774  -3.073688   -2.8208945   5.4751964   0.6984167   3.11162
 -0.54353404]
[-0.14699638  6.9215894  -1.1587377   0.51578236 -0.9084242  -6.400926
  0.66918004]
[-0.88391846 -0.52016306 -0.7688491  -2.6359563  -1.3420564  -1.106781
  7.0374036 ]
[-2.883528   -4.846874   -1.8549311   2.3631606   0.9549839   7.312517
  0.06532635]
[-0.7484811   7.1760855  -0.35659263 -0.16130531 -1.0030508  -6.1542716
  0.61055094]
[-0.893468   -0.18427156  8.036918   -0.67078424 -5.690157   -0.72754276
 -0.39367247]
[-2.0452216e-01  8.3250465e+00  4.7757379e-03 -8.4963691e-01
 -1.7512165e+00 -6.5819077e+00  3.1128162e-01]
[-3.2556353 -1.6423857 -5.47948    1.1926976  9.082663   0.6322151
  1.2525264]
[-3.1901212  -1.3892894  -5.3637137   1.0532335   9.169634    0.46147394
  0.99087876]
[ 0.03361514  7.65913     0.14064464 -0.5417174  -1.9973938  -6.285993
  0.26527226]
[-3.2384    -5.946629  -1.5439069  0.6766632  1.1323429  8.718483
  1.449295 ]
[-0.05826855  7.7692866  -0.48365083 -0.30086327 -1.3892202  -6.4832535
  0.29144496]
[ 8.443527    0.09728743 -0.523396    0.9857074  -4.3514857  -3.514788
 -1.1025856 ]
[ 8.373686    0.2840759  -0.26967248  0.90348965 -4.3775496  -3.5786328
 -1.2856565 ]
[-0.8263012  -0.42301455  7.7397923  -0.76244104 -5.5687933  -0.4963327
 -0.18881394]
[-2.8038366  -0.84802544 -5.4140015   0.82738495  8.978132   -0.26779753
  1.1342179 ]
[ 8.248012    0.0944966  -0.12251125  0.6503285  -4.5047355  -3.3757317
 -0.9714614 ]
[-0.24415658 -0.1087862   7.9843073  -0.8657932  -5.982831   -1.181125
 -0.14672038]
[-1.054708   0.6704889 -1.771188  -3.6929045 -0.3890209 -1.5727472
  7.396212 ]
[-1.2866551  -0.4853101  -0.83167166 -2.2080605  -0.9882497  -0.9351476
  6.655668  ]
[-3.0256548 -5.968708  -1.7056963  1.2312568  0.902635   8.396336
  1.2903154]
[-0.45778385  7.7429976  -0.53499395 -0.11856733 -0.87417245 -6.552365
  0.2083084 ]
[ 7.7105064  -0.02840255 -0.6585229   0.9816319  -3.9285154  -3.0768425
 -0.903554  ]
[ 0.00892001  8.369939   -0.14585511 -0.6428664  -1.6604112  -6.6936984
  0.09143818]
[-3.116094   -5.630777   -1.5873497   0.710603    0.80266714  7.9026856
  1.9001462 ]
[ 0.8251343  -0.63076663 -1.5927894   7.986688   -0.9467333  -1.4812574
 -3.0683088 ]
[-0.5362724   7.7517056  -0.7880618   0.04409135 -0.32983443 -6.591252
  0.01714502]
[-0.4551768   0.28678754  7.4684625  -1.004019   -5.5962486  -1.2805718
  0.13683839]
[-3.3371801 -1.458187  -5.485215   1.2084782  9.226537   0.5965666
  1.0557549]
[-0.05153642 -0.3228346   7.917305   -0.82039416 -6.0050077  -1.269495
  0.01784758]
[-0.18237446  0.5500918   7.7152104  -0.6864121  -5.805288   -1.6723492
 -0.38489044]
[ 8.250545   -0.07005381 -0.6934377   0.84821934 -3.9180574  -3.372937
 -0.90694684]
[ 0.07618519  0.2954041   7.8825126  -0.52924603 -6.005065   -1.5804815
 -0.6220263 ]
[ 8.407486    0.15251416  0.39475337  0.79598826 -5.0166855  -3.5230367
 -1.2576734 ]
[-1.1187259   0.09705303  7.829617   -0.6713356  -5.496462   -0.77667296
 -0.32637504]
[-2.8357053  -6.061218   -1.4719796   0.81674147  0.7800816   8.44961
  1.3766011 ]
[ 2.3750134  1.2201185 -1.8300833  7.1365933 -1.1455038 -3.4809482
 -3.4014623]
[ 7.934994    0.23930265 -0.36456457  0.757943   -4.0742283  -3.4505181
 -0.9864088 ]
[-0.09675292  0.58898723  7.5304446  -0.81058544 -5.7607603  -1.6739329
 -0.22523999]
[-3.6284513  -1.9112418  -5.4096127   1.4615259   9.180413    1.181353
  0.91781247]
[ 8.392641   -0.24694732 -0.92101103  0.90101016 -3.7953506  -3.4995363
 -0.65448475]
[ 0.03153372  0.30012506  8.033526   -0.9849114  -6.3446436  -1.5885522
 -0.03053193]
[-3.4046507  -1.4501487  -5.353359    1.4456948   9.088246    0.5953884
  0.85589856]
[-0.18549444 -0.313594    7.921028   -0.6757093  -6.084137   -1.1713424
 -0.10134566]
[-0.46642706 -2.1890757  -3.3223982   7.6082206   0.6951645   1.6113534
 -2.8406963 ]
[-2.973423   -6.0949397  -1.4971912   0.78979874  0.9010041   8.569469
  1.4092232 ]
[ 0.07220636 -0.43461135 -1.701058    6.7821665  -0.712683   -1.086188
 -1.946579  ]
[-0.25432792 -0.35603335  8.223198   -0.8402968  -6.142044   -1.0422426
 -0.22629848]
[ 1.5353984e-01  8.1829510e+00 -6.3912147e-01 -2.3922582e-01
 -1.2756758e+00 -6.6966977e+00 -6.5189940e-03]
[-2.8038926 -5.8421874 -1.0935961  0.7112358  0.5298958  8.289437
  1.1776861]
[-3.3193657  -1.5266262  -5.5813866   1.3170263   9.36989     0.68207514
  0.8794553 ]
[ 8.525416   -0.05655822 -0.14681715  0.46697533 -4.4904537  -3.2881658
 -0.9888692 ]
[-2.899712   -5.8800817  -0.91233444  0.5390887   0.20949961  8.289336
  1.5071652 ]
[ 0.06173524 -0.7101028  -2.1555805   8.114275   -0.20710035 -0.99187535
 -2.9600036 ]
[-0.39736077  0.3693899   8.206713   -0.71266603 -6.0364065  -1.5018648
 -0.48556948]
[ 0.13579305 -0.6893968  -1.6851017   7.566625   -0.5763314  -1.1507552
 -2.6204028 ]
[-0.1138199  -0.18569116  7.6430993  -0.71012545 -6.0820417  -1.2132304
  0.10884758]
[-0.39123514  1.255177    7.249816   -0.40740457 -5.5960255  -1.9114529
 -0.5871193 ]
[ 7.622772    0.99119455  0.5185909   0.5578231  -4.8422604  -3.6279871
 -1.3170848 ]
[-3.2207885  -6.153072   -1.5249591   0.86558926  1.1234118   8.926863
  1.3125305 ]
[-1.133188   -0.61019737 -1.8395605  -2.4654365  -0.41449007 -1.136988
  7.4000134 ]
[-0.53010416 -1.2839228  -0.45086432 -2.2167063  -1.5336615  -0.53617275
  6.435516  ]
[ 8.22332     0.17736512 -0.6136021   0.17987357 -4.1793175  -3.4038646
 -0.291685  ]
[ 0.6184422  -0.9431671  -1.6580952   7.786508   -0.90670013 -1.1562874
 -2.752925  ]
[-2.7893164  -0.76242054 -5.403931    0.9062094   8.906303   -0.35361323
  1.1112316 ]
[ 8.0240784e+00 -4.2656198e-04 -5.4444957e-01 -2.2320941e-01
 -4.0137887e+00 -3.1582742e+00  3.0828722e-02]
[ 8.176201   -0.10217781 -0.5468235   0.15587223 -4.0935407  -3.195096
 -0.283838  ]
[-0.4083488   0.9120543   7.7365866  -0.77382076 -5.883446   -1.7681446
 -0.27663982]
[ 8.351373   -0.21561177 -0.14218737  0.15280537 -4.4595485  -3.0843804
 -0.54226476]
[-3.0500762 -4.924869  -1.874722   0.6684433  0.5810615  6.6282883
  2.7661953]
[ 8.1586857e+00 -4.6542077e-03  2.2904924e-01  9.4670105e-01
 -4.6967978e+00 -3.5870032e+00 -1.0769546e+00]
[-1.2808907   0.64752436 -2.6465733  -3.4648266   0.4609863  -1.4264627
  7.4152737 ]
[ 8.179422   -0.15271425  0.279799    0.602754   -4.6819935  -3.0453866
 -1.19155   ]
[ 8.49044    -0.37345263 -1.0548697   0.97163516 -3.8264518  -3.4576023
 -0.60475415]
[ 7.901724    0.45100632 -0.2971231   0.8222953  -4.3792267  -3.6273534
 -0.89143157]
[-0.32527384 -0.04015354  8.029976   -0.64200974 -6.0173106  -1.2611828
 -0.26255855]
[-2.7448444  -0.80887455 -5.498399    0.75905263  8.791075   -0.18718202
  1.252612  ]
[-0.812068   -0.9576135  -1.2384008  -2.5766695  -0.9849484  -0.78975487
  7.2543616 ]
[ 8.516947   -0.48653182  0.08616418  0.50860506 -4.5795336  -2.9692595
 -1.0163317 ]
[-2.7353063 -0.4928892 -5.284499   1.0402106  8.895495  -0.6046115
  0.7443607]
[-0.34118652  7.545756   -0.8095999  -0.24376409 -0.51494896 -6.410357
  0.30575573]
[-1.2431741  -0.6870438  -1.0829726  -3.6235464  -0.9496533  -0.36085182
  7.658872  ]
[ 0.67819124  7.757887   -0.7263106  -0.0753967  -1.6436962  -6.7569757
  0.16514742]
[-0.8006015  -1.3764882  -2.6352382  -2.6792266   0.05893604 -0.7502418
  8.06697   ]
[-3.5349813  -1.4827894  -5.3626585   1.3322428   9.122604    0.71863765
  0.96941584]
[-2.0603023  -0.23106998 -1.7570508  -2.52654     0.0392418  -0.10154927
  6.6277046 ]
[-0.88650185 -0.57821625 -1.2326531   7.639588   -0.87309164 -0.18271875
 -3.0377545 ]
[-3.4267626 -1.4015545 -5.2776623  1.3228517  9.166033   0.685391
  0.7121532]
[ 8.21483     0.10163285  0.16365626  0.21648243 -4.7702284  -3.3263514
 -0.6627277 ]
[-0.69822586 -0.19698067  7.75217    -0.8501751  -5.664926   -0.8078181
 -0.03816988]
[-3.6321678  -4.411605   -1.6801355   0.07361411  0.64396316  6.3264413
  3.3476934 ]
[-2.6678987  -5.6685495  -1.8826842   2.1519473   0.85759246  7.991036
  0.3224339 ]
[ 8.186802    0.08662153 -0.02348352  0.66139334 -4.5555954  -3.377929
 -0.9539422 ]
[ 8.641542   -0.10684759  0.11975775  0.07459623 -4.668684   -3.4346945
 -0.56538796]
[ 0.01430296  8.129511   -0.68628275 -0.31363583 -1.0304023  -6.8088393
  0.11923518]
[-3.1235194  -5.6531396  -0.85361     0.71624523  0.5224049   8.365923
  1.0697354 ]
[-0.6380485  -1.0997773  -2.8082676  -2.764132    0.11841552 -0.94303215
  7.9978213 ]
[-2.9886029  -1.1005667  -5.3396463   1.3849967   8.89936    -0.07591629
  0.9234331 ]
[-1.3087449  -1.2918829  -1.0027199  -2.2439291  -0.81420994 -0.0972887
  6.7571073 ]
[ 8.368204    0.01175781  0.13213538  0.5731462  -4.570083   -3.2556188
 -1.2092795 ]
[-0.5003296   0.24758081 -2.1613002   7.54919     0.12945119 -1.6969594
 -2.5739129 ]
[-0.86737573 -0.456332    7.913329   -0.48737574 -5.628163   -0.5949808
 -0.40395898]
[-2.7792535  -5.3960557  -1.1044289   1.0796589   0.24477194  7.7244453
  1.0854003 ]
[-2.393177   -0.9384793  -5.0886154   1.1932007   8.697504   -0.29179585
  0.4429487 ]
[-2.8837695  -5.9979057  -1.3161855   0.7990849   0.70766723  8.379646
  1.3695102 ]
[-0.8427316  -0.77219963 -2.1452312  -2.9710824  -0.05059867 -0.9773252
  7.6667037 ]
[ 8.202364    0.4319342  -0.50876606  1.2495624  -4.220355   -3.847924
 -1.2632034 ]
[-3.186274   -5.889623   -1.3314214   0.6660105   0.82755005  8.47675
  1.5160741 ]
[-0.39561108  7.9441414  -0.8638984   0.09053551 -0.5125097  -6.6826844
 -0.05199969]
[-0.01654734 -0.08785734  7.753406   -0.71062213 -6.124082   -1.3071494
 -0.05118935]
[ 8.567194   -0.37077573 -0.7043146   0.9210095  -3.945079   -3.333926
 -0.99932384]
[-1.126214   -0.02122482 -1.9574826  -3.109517    0.06046085 -1.3611271
  7.2950764 ]
[-2.0326362  -1.5580513  -1.5447617   4.9224505   0.06366597  2.079005
 -0.9836709 ]
[-0.7885507  -0.35293636  7.9390364  -0.88111556 -5.7450504  -0.63650644
 -0.10954302]
[ 0.23168032  7.097024   -0.967948    0.44302374 -0.98566395 -6.5223913
  0.18131326]
[-0.6628139  -0.7391595  -2.2448797   8.002459    0.30046022 -0.27763087
 -3.1734538 ]
[-3.1675458  -5.557221   -0.4552149   0.37656313  0.10809554  8.2391615
  1.2373757 ]
[ 7.9550233   0.66614014 -0.387998    1.3988065  -4.2068486  -3.94686
 -1.4377093 ]
[-1.4159489 -0.8417094 -1.8799084 -2.5104988 -0.3241027 -0.7687011
  7.5747185]
[-1.9146569  -0.86696947 -2.0186408  -2.8404224   0.10088153  0.28290856
  7.264792  ]
[-3.427794   -1.7871826  -1.9243801  -0.94466674  0.71880263  2.1081378
  5.676394  ]
[-2.6786172  -5.8070173  -1.1530023   1.2988163   0.641967    8.303387
  0.44764304]
[-0.7495562  -1.2243884  -1.0432099  -3.753904   -1.2800474   0.08592832
  7.7080894 ]
[-1.1409068  -1.5204564  -0.2759271  -2.0605237  -1.3411638  -0.07191437
  6.390537  ]
[-3.1868148 -1.4424232 -5.5439444  1.1190351  9.461689   0.4488631
  0.893292 ]
[ 7.7195177   0.76211727 -0.47450897  0.99918103 -4.0698967  -3.7802384
 -1.1046203 ]
[ 8.022627    0.2853943  -0.09362849  0.62196165 -4.509819   -3.4634235
 -0.90673614]
[ 0.05629756 -0.5920539  -1.91659     8.105246   -0.47992274 -1.1638095
 -2.9938335 ]
[ 0.10030147 -0.4743589   8.102464   -0.708748   -6.1947064  -1.2217126
 -0.19095525]
[-3.2863    -1.7152401 -5.39001    1.2747899  9.308192   0.7647427
  0.8789104]
[ 8.050148    0.28721586  0.12854037  0.314167   -4.6643686  -3.425876
 -0.7391306 ]
[-0.77495503 -1.2845129  -0.03630711 -2.2540648  -1.6489955  -0.5586254
  6.4264646 ]
[-2.077547    0.33101782 -0.17644612 -1.9188989  -1.2306993  -1.0519676
  5.8369503 ]
[-1.0799587  -0.67181146 -2.4704783  -2.3751194   0.05928051 -1.1362275
  7.53977   ]
[-1.0874178  -0.6305066  -1.6137544  -2.968358   -0.5583743  -0.85987055
  7.5361166 ]
[ 1.4728665  -1.2550094  -2.1163044   7.746012   -0.5953513  -0.52056307
 -3.5325394 ]
[-0.5343886   0.50086623  7.6513033  -0.8448359  -5.587834   -1.3724813
 -0.23657124]
[-0.92281634 -0.5590389  -0.7497807  -2.6059275  -1.3482908  -1.0694617
  7.0337124 ]
[ 0.6560276   7.8841233  -0.409242   -0.37953457 -2.0624285  -6.589964
  0.26578683]
[-2.9174001  -5.8161263  -1.4639537   1.1880153   0.981713    8.571232
  0.71954644]
[ 8.597931   -0.50429714 -0.02173066  0.9414741  -4.543881   -3.1982677
 -1.205637  ]
[-1.0367814  -3.0105736  -2.823114    6.014257    0.27284852  2.7371666
 -1.2115529 ]
[-3.1720467 -5.9151907 -1.4812471  0.8181503  1.0339917  8.610647
  1.3097956]
[ 8.2618885   0.16944075 -0.11013389  0.61411875 -4.5359564  -3.3989103
 -1.0133219 ]
[-3.1647987  -5.890095   -0.8321687   0.33802888  0.5239041   8.555345
  1.4360516 ]
[-1.0458188  -0.69803107 -2.2807798  -2.4013364  -0.22222893 -1.0993261
  7.5891614 ]
[ 0.05408858  0.3885616   7.3739634  -0.44143194 -5.591151   -1.6355926
 -0.5200722 ]
[-0.42641705 -0.04835366  7.7106514  -0.89764094 -5.769102   -0.9796527
 -0.0946856 ]
[-2.803633   -5.9351487  -1.3450208   0.9851419   0.42017072  8.170243
  1.4231453 ]
[ 0.07886001  7.784273   -0.5551657   0.00784659 -0.9481     -6.684481
 -0.22334048]
[ 0.15411441  0.44639727  7.9852924  -1.0413413  -6.1850624  -1.6637406
 -0.23944749]
[-0.1564922   7.8903737  -0.48812485 -0.27711707 -1.2044791  -6.5718384
  0.18385944]
[-0.07696158  0.15328458  7.457001   -0.7266426  -5.5880804  -1.5045338
 -0.12371034]
[-3.4224653  -5.656426   -0.70750004  0.43070045  0.50671554  8.53113
  1.300607  ]
[-0.4168249   0.3801411   7.8868685  -0.9836107  -5.6727676  -1.3926518
 -0.24457103]
[ 0.02907167  0.39281514  7.655456   -0.52759314 -5.7478333  -1.6297965
 -0.56948626]
[-0.55045235  2.9795856   4.942375   -0.6869816  -4.56796    -2.6518862
  0.2058376 ]
[ 8.347288   -0.0218748  -0.35664517  0.3980277  -4.3715057  -3.3342216
 -0.6324881 ]
[-0.13946152  7.6333976  -0.30867004 -0.23587419 -1.4967643  -6.548106
  0.3623634 ]
[-3.3078914  -5.558677   -0.9385965   0.4420755   0.63809174  8.405963
  1.3372968 ]
[-2.9166722e+00 -1.0507226e+00 -5.4503870e+00  1.0313224e+00
  9.0018692e+00 -5.3798277e-03  1.0705020e+00]
[-3.489893   -5.2885704  -0.9204421  -0.15790497  0.14795105  7.9837084
  2.404054  ]
[-0.19495216  7.5667543  -0.27928397 -0.6076041  -1.4763334  -6.500138
  0.7485055 ]
[ 7.62442     0.60522807  0.15846585  0.9964794  -4.5558395  -3.8045535
 -1.0642114 ]
[-1.1199172  -0.60621667 -0.0442564  -2.5809906  -1.76309    -0.80709076
  6.6783996 ]
[ 0.3991336   7.204289   -0.51084745  0.12575285 -1.5867362  -6.418279
  0.17242315]
[-3.6223965  -5.0008664  -0.7039362  -0.51152164 -0.0483634   7.5244856
  2.9271262 ]
[-0.32017913  0.12645221  7.6694393  -0.3878271  -5.5756817  -1.3632531
 -0.5312872 ]
[-0.22934361  7.3005986  -0.2506933  -0.13508636 -1.0307608  -6.146754
  0.02079825]
[-0.21476717 -0.89029986 -1.6130368   7.6859326  -0.4902754  -0.30565536
 -3.084631  ]
[-1.1300974  -0.16930845 -1.8472698  -3.8701224  -0.4258904  -0.89943206
  8.032722  ]
[-0.0264573  -0.49646485 -2.0566149   8.255196    0.19533199 -1.2616326
 -3.4783633 ]
[-3.0116148 -5.623836  -1.2448211  0.9457351  0.7268292  8.2223835
  1.0011188]
[-0.14254779  8.302038   -0.5729798  -0.11925204 -1.1491042  -6.7017493
 -0.15392713]
[ 0.16014665  7.6302357   0.14171055 -0.6687249  -2.0081706  -6.278587
  0.30499274]
[-1.0481112e+00  2.0978326e-01  7.4564705e+00 -5.9469616e-01
 -5.1768060e+00 -1.2421211e+00 -5.3528254e-03]
[-2.7766566  -0.6402319  -5.3520546   0.9876543   8.700897   -0.47348604
  1.117589  ]
[-0.1580476  -0.5510817   7.863953   -0.5275843  -5.9045935  -0.96802497
 -0.2944219 ]
[-2.942757   -1.0013576  -5.373599    1.1758536   8.950103   -0.09107752
  0.9992334 ]
[-3.097784   -5.7396326  -1.7721374   1.3420609   1.1593912   8.352647
  0.96320933]
[-2.765408   -0.59465796 -5.2798834   0.7947788   8.822292   -0.5356565
  1.066064  ]
[-2.7768946 -1.0048233 -5.48617    1.1089908  8.837867  -0.1965468
  1.1765808]
[-0.345239    0.5417652   7.657845   -0.73100257 -5.6456146  -1.5138044
 -0.37217385]
[-0.6396556   0.22269988  7.621273   -0.8455508  -5.65789    -1.1251076
 -0.05424914]
[ 8.692727   -0.5147693  -0.45505622  0.14059506 -4.2056565  -3.109688
 -0.38076618]
[-0.58439064 -0.10697601  7.935029   -0.5690995  -5.7274895  -0.9501289
 -0.49091306]
[ 8.112744    0.28513837 -0.3479947   1.3475     -4.3483067  -3.7668967
 -1.244945  ]
[-3.137577   -1.3225901  -5.3933897   0.9941286   8.953348    0.29912502
  1.2899755 ]
[-3.440291   -5.441168   -0.812271    0.62320966  0.5996331   8.432991
  1.0389707 ]
[-2.4580786   0.3727493  -5.0774975   0.6372115   8.165337   -1.2785559
  0.93561083]
[-1.2867999e+00 -1.5305277e+00 -8.4238720e-01 -2.1853719e+00
 -1.0053910e+00 -4.3441374e-03  6.8555174e+00]
[ 8.3279562e+00  9.8652905e-03 -6.8958336e-04  1.4028218e-01
 -4.7650108e+00 -3.3107624e+00 -4.6506026e-01]
[-0.4040537  -2.0839891  -2.0720816   7.2632384  -0.6610635   0.98788446
 -2.1188498 ]
[-3.2739458  -5.9505973  -1.2712253   0.6914159   0.84863377  8.80379
  1.3595045 ]
[-0.11564232 -1.6127173  -2.7884517   7.6818333  -0.05423982 -0.15749931
 -1.9208839 ]
[-0.32838956  7.9851537   0.2200683  -0.94513047 -1.9704856  -6.3365855
  0.62381077]
[-3.1777525  -5.714193   -1.3461318   0.7822471   0.83231354  8.621248
  1.1753545 ]
[-0.97018856 -0.6123228  -2.5583096  -2.5888479   0.02692048 -1.2634798
  7.7501435 ]
[ 8.651463   -0.27504805 -0.14257689  0.11674502 -4.5117044  -3.1228657
 -0.62615895]
[-2.876275   -0.8539598  -5.3837037   1.1377667   8.954033   -0.22847079
  0.92232066]
[-2.9232535 -5.980406  -1.1018565  0.8046793  0.6168606  8.4234
  1.1850216]
[-3.0942054  -1.1637621  -5.2834053   1.0903615   9.241887    0.17389888
  0.7338451 ]
[-0.48673812 -1.7142595  -2.0529048   7.829331   -0.30459127  0.77563757
 -3.0044901 ]
[-2.8431003  -5.619489   -1.481674    1.3405863   0.83729136  8.314306
  0.6133921 ]
[ 0.4378877  -1.9336656  -2.1444633   8.136253   -0.7592509   0.82723147
 -3.5728354 ]
[-0.31819823 -0.20211162 -1.7322538   7.853069   -0.02937777 -1.2296569
 -3.2959824 ]
[ 1.6470820e-01  7.9032822e+00  5.1914668e-04 -5.6248212e-01
 -1.8880745e+00 -6.5978155e+00  2.4432538e-01]
[-3.422882   -1.3013344  -5.2925014   1.3014444   9.114795    0.507986
  0.87288505]
[-0.45795637 -1.5448891  -2.4872954   7.158518   -0.07122467 -0.19550878
 -1.3765862 ]
[-2.739853  -5.6900043 -1.3197632  1.1897521  0.7635271  8.283276
  0.6194134]
[ 0.08085002  0.08003766  7.770639   -0.90130496 -6.2751546  -1.6221426
  0.2834895 ]
[-0.3916733   7.9088078  -0.65970457 -0.1311678  -0.6837362  -6.6170583
  0.05161016]
[-1.3796575  -0.86708546 -0.6062596  -3.8898132  -1.1999708  -0.03669998
  7.6940618 ]
[ 0.7729255   0.5103332  -2.5454056   7.859606   -0.19121477 -2.5129707
 -2.8975763 ]
[ 8.110532   -0.17792776 -0.9151636   0.7222867  -3.828925   -3.4159849
 -0.40758413]
[-2.5476663 -0.6097154 -5.402666   0.7566205  8.665069  -0.6650356
  1.2738535]
[-2.8695986  -0.8809439  -5.2356215   1.066554    8.626655   -0.23779559
  1.1379831 ]
[ 0.7124791  -0.83548284 -2.4508173   8.027957   -0.24603952 -1.095341
 -2.941515  ]
[-0.13360165  0.12110128  8.093042   -0.7253861  -6.229787   -1.5004921
 -0.20601204]
[ 8.42846    -0.18579724 -0.41121152  0.32747555 -4.2645674  -3.3842642
 -0.38458517]
[-0.94864994 -1.4110783  -1.0999069  -3.1013145  -0.9828718  -0.32482415
  7.7311006 ]
[-1.0205932   0.01079721 -1.2252871   7.4142594  -0.06434949 -0.67179877
 -3.402096  ]
[-0.5717213   7.6348953   0.10448615 -0.09053742 -1.3553386  -6.1647797
 -0.12157654]
[-3.0837424  -5.4687543  -1.1764827   1.29034     0.71317244  8.259346
  0.5676569 ]
[ 1.6682916  -0.16420692 -2.6614616   7.43802    -0.26059303 -2.2830071
 -2.6575003 ]
[-0.03406115 -0.51635563  7.794904   -0.68315715 -6.073553   -1.1036569
  0.01950024]
[-0.11954983  8.000306   -0.44414422 -0.37744045 -1.0459191  -6.825605
  0.16655248]
[ 8.350325    0.21172659  0.5047748   0.2834487  -5.1005473  -3.5249956
 -0.8238689 ]
[ 3.5107808  -0.12487566 -1.7417697   6.149787   -1.9633788  -2.6054854
 -2.459189  ]
[-3.5107472 -1.810129  -5.26056    1.4065036  9.113751   0.8814268
  0.9686363]
[-0.46842828  7.761678   -1.3082455   0.08066583  0.02427178 -6.788895
  0.39067435]
[-2.9984443 -6.0216966 -1.8938419  1.2032896  1.1103226  8.374628
  1.3599286]
[-3.0531402  -6.169923   -1.3429174   0.8207537   0.84827054  8.770947
  1.3256135 ]
[ 0.1278988  -0.3356885   7.598151   -0.38942218 -5.693555   -1.1608841
 -0.60899967]
[-1.1071866   0.80133533  7.2621546  -0.6649546  -5.4104996  -1.4781829
  0.22263958]
[-0.11569846  7.753024   -0.66971403 -0.01623084 -0.94613636 -6.4542146
 -0.06481989]
[ 7.9729567   0.4035777  -0.24484085  1.0733342  -4.253458   -3.4591873
 -1.4205725 ]
[ 8.62089    -0.54003024 -0.6909811   1.1209158  -4.0315156  -3.1876016
 -1.132507  ]
[-2.844995  -2.8209376 -0.354488  -2.8474576 -0.9074871  3.1024106
  6.7293596]
[-2.776462   -0.69001174 -5.184948    0.8877659   8.777977   -0.40740225
  0.97938085]
[ 8.264374   -0.16864437 -0.7126696   0.9008684  -3.9687982  -3.566154
 -0.6812031 ]
[-3.2874713  -5.728864   -0.692778    0.52362347  0.48708978  8.563133
  1.1391063 ]
[ 7.644044    0.45645598 -0.21945119  1.1430258  -4.126523   -3.648135
 -1.2114398 ]
[-0.5993655  -0.09057296  8.070063   -0.7609071  -5.7233114  -1.009275
 -0.3845706 ]
[ 7.80003     0.16713935 -0.6832782   1.2475313  -3.988939   -3.682171
 -0.82214737]
[ 7.7863226   0.17134807 -0.10115347  1.0307393  -4.1562395  -3.4105957
 -1.2576735 ]
[-3.3945475  -5.6522803  -1.1317825   0.11831138  0.46556002  8.239548
  2.2182658 ]
[-1.1945723   0.07610765 -1.730023   -3.8996456  -0.3967153  -1.0563914
  7.851084  ]
[ 8.376284    0.02792288 -0.6566315   1.0156544  -4.1391106  -3.684712
 -0.90048665]
[ 7.651475    0.7772796  -0.33984733  1.4412459  -4.192661   -3.8942888
 -1.4375226 ]
[-0.0579431  -0.45902443 -2.197894    8.080284   -0.085831   -1.2730788
 -2.9888303 ]
[ 8.322172    0.05576837  0.10208648  0.8346589  -4.6346083  -3.653755
 -1.0251173 ]
[-0.58801174 -0.28307542 -2.0805635   7.553813    0.6529196  -0.8509081
 -3.1802828 ]
[-3.535657   -5.5418043  -0.72075534  0.20373876  0.2092387   8.232586
  1.9278579 ]
[-3.379975   -5.4246254  -1.0661037   0.36407357  0.65452874  8.242131
  1.5741794 ]
[-3.2890816 -5.6524897 -1.2275672  0.4596551  0.4158787  8.267441
  1.9196868]
[ 7.6680355   0.5923798   0.9855957   0.30711538 -5.279235   -3.585018
 -0.91878027]
[ 0.13498081  0.24120995  8.065981   -0.9737237  -6.4133205  -1.5239928
 -0.1402944 ]
[-1.2992402  -0.9557174  -1.9994076  -2.5168931  -0.24125272 -0.9523796
  7.785195  ]
[-3.2461479  -5.5112824  -1.3490286   1.145619    0.95992297  8.253902
  0.9191825 ]
[ 6.8460271e-02  8.3791962e+00 -7.6789051e-01 -3.0269092e-01
 -1.1479816e+00 -6.7284927e+00 -1.5457352e-03]
[-3.2205222  -1.5354214  -5.4453716   1.2289172   9.300977    0.56916267
  0.9107411 ]
[-0.30908552  8.281231   -0.39286432 -0.5985423  -1.1272866  -6.7187
  0.2461569 ]
[ 0.6147089  0.6078494  7.947058  -0.8818587 -6.4414    -1.9926411
 -0.4430375]
[ 0.05790279  0.73540103  7.899229   -0.87434703 -6.161975   -1.9055078
 -0.24569875]
[-0.33274165  7.218926    0.16132222 -0.11181939 -1.3880417  -6.098376
 -0.0569839 ]
[-1.0635248 -0.5996617 -0.7099564 -2.7375329 -1.2804611 -0.8756003
  7.0884604]
[-3.7029326 -1.8890198 -5.281431   1.3937744  9.285156   1.2526911
  0.741768 ]
[-0.70809376 -0.51601064 -2.3708258   6.950121    0.19190831 -1.1499622
 -1.4205921 ]
[ 7.9951687  -0.33545527  0.15140279  0.70889676 -4.6187367  -2.8806884
 -1.0253141 ]
[-2.969244  -5.7922397 -1.469908   0.7909962  0.7503384  8.164172
  1.5480489]
[-2.1748974  -4.7114425  -1.386629    2.5211418  -0.4992951   6.2247767
  0.60199356]
[-2.7799652  -0.8828577  -5.4064245   1.2212478   8.741892   -0.22710103
  0.9983257 ]
[ 8.519818   -0.28153205  0.31745598  0.474538   -4.783601   -3.0300512
 -1.1921489 ]
[-2.5803852  -0.76502216 -5.4798746   0.86881745  8.680838   -0.36666363
  1.1722512 ]
